Sensor CD:

Test 1:

300g,600g,900g,1200g,1500g,2000g



46188,0,0,16
46288,0,0,16
46389,0,0,16
46489,1,0,23
46589,1,0,14
46689,1,0,16
46790,0,0,12
46890,1,0,14
46990,0,0,12
47091,0,0,15
47192,1,0,27
47292,1,0,15
47393,1,0,16
47493,1,0,28
47594,1,0,23
47695,1,0,26
47796,1,0,36
47896,1,0,19
47996,1,0,37
48097,1,0,32
48197,1,0,26
48298,1,0,31
48399,1,0,29
48500,1,0,35
48600,1,0,20
48701,1,0,25
48802,1,0,26
48903,1,0,28
49004,1,0,25
49105,1,0,21
49205,1,0,23
49306,1,0,19
49407,1,0,30
49507,1,0,21
49608,1,0,26
49709,1,0,16
49810,1,0,21
49911,1,0,19
50011,1,0,16
50111,1,0,24
50211,1,0,21
50312,0,0,14
50412,1,0,22
50513,1,0,41
50614,1,0,24
50714,1,0,32
50814,1,0,24
50915,1,0,32
51015,1,0,35
51115,1,0,30
51216,1,0,17
51317,1,0,20
51417,1,0,37
51518,1,0,34
51619,1,0,37
51720,1,0,18
51821,1,0,36
51922,2,0,28
52023,2,0,18
52124,1,0,23
52224,1,0,31
52325,1,0,39
52425,1,0,32
52526,1,0,36
52626,2,0,20
52727,1,0,29
52827,1,0,38
52928,1,0,32
53028,2,0,34
53129,5,0,44
53230,7,0,43
53331,8,0,38
53432,9,0,49
53533,11,0,44
53633,14,0,55
53733,17,0,62
53834,22,0,70
53935,26,0,73
54035,27,0,68
54136,30,2,72
54237,30,0,59
54337,31,1,68
54438,31,0,62
54539,28,0,70
54639,28,0,67
54739,27,0,77
54840,28,0,60
54940,29,0,66
55041,29,0,73
55141,29,0,76
55242,29,0,68
55343,28,0,73
55444,27,0,72
55545,27,0,78
55646,28,0,64
55746,28,0,67
55847,28,0,67
55948,28,0,66
56049,29,0,66
56150,29,0,72
56251,31,0,64
56352,32,0,81
56452,34,0,85
56553,36,0,93
56653,38,1,80
56753,36,4,76
56854,37,7,80
56955,37,5,76
57056,36,2,80
57157,36,6,72
57257,35,4,71
57358,35,7,83
57459,35,3,72
57560,35,0,75
57661,34,1,79
57762,34,3,75
57862,33,0,64
57962,33,0,67
58063,34,2,87
58164,33,0,71
58265,34,3,94
58366,35,3,90
58466,36,1,79
58566,35,0,79
58666,37,0,82
58766,37,0,80
58867,37,3,72
58967,36,5,81
59068,37,0,83
59168,36,3,75
59269,36,5,74
59370,34,3,91
59471,34,4,66
59571,33,0,74
59672,33,0,70
59773,32,2,69
59874,33,2,67
59974,34,2,82
60075,34,0,67
60175,34,2,66
60276,34,0,65
60377,34,0,77
60478,34,0,72
60578,35,0,66
60678,35,0,79
60778,36,4,66
60879,35,2,91
60979,34,7,79
61080,35,0,73
61181,36,2,81
61282,35,2,73
61383,36,5,76
61484,36,5,70
61584,36,0,83
61684,37,1,83
61785,37,2,77
61885,37,5,85
61986,42,15,72
62087,47,11,92
62188,62,28,98
62289,70,40,104
62389,70,40,124
62490,71,38,117
62591,72,39,105
62691,71,36,116
62792,72,32,104
62893,68,36,114
62993,66,25,97
63094,67,38,120
63195,71,43,101
63295,69,39,103
63396,69,39,112
63496,70,38,105
63597,72,36,114
63697,73,42,114
63797,75,35,116
63897,76,43,125
63998,76,31,116
64098,76,40,120
64198,76,51,111
64299,76,30,126
64400,76,42,117
64501,75,44,118
64601,73,29,115
64701,73,35,132
64802,74,48,134
64903,75,29,135
65004,76,37,107
65105,75,38,104
65205,74,32,112
65306,75,31,114
65406,76,34,113
65506,77,42,134
65606,76,39,125
65707,74,43,107
65807,75,41,115
65908,76,45,123
66008,76,45,110
66109,76,31,107
66209,75,39,126
66310,76,44,128
66410,76,47,114
66511,75,41,115
66612,76,43,109
66713,76,45,108
66813,76,47,122
66914,77,41,105
67015,77,38,129
67116,77,45,126
67216,76,43,106
67317,77,40,112
67417,77,32,113
67517,77,52,125
67618,77,46,134
67719,79,43,123
67820,78,48,106
67921,82,51,120
68022,86,54,113
68123,86,51,123
68223,91,51,120
68324,95,53,136
68425,97,62,156
68526,98,56,133
68626,97,60,135
68726,97,70,139
68827,96,66,145
68928,95,66,143
69029,97,68,127
69130,98,67,132
69230,100,63,132
69331,103,72,139
69431,105,68,156
69532,107,76,148
69632,110,70,149
69733,109,77,163
69834,110,83,142
69934,112,81,163
70035,113,71,160
70135,114,79,144
70236,115,84,159
70337,116,83,147
70438,119,90,152
70539,118,83,159
70639,118,88,159
70740,118,87,163
70841,120,92,161
70942,122,83,151
71042,123,83,157
71143,123,83,165
71244,123,85,202
71345,123,85,157
71445,123,96,172
71546,122,86,166
71646,123,97,167
71746,124,93,176
71847,124,94,153
71947,125,88,166
72048,123,91,163
72149,124,89,176
72250,123,99,166
72351,124,95,160
72452,124,88,170
72553,125,94,160
72653,124,94,164
72754,123,90,168
72855,122,87,162
72956,122,79,152
73056,123,94,157
73157,123,88,171
73258,124,96,173
73358,123,83,154
73459,123,87,159
73560,121,88,151
73660,119,91,164
73761,119,90,162
73862,119,92,163
73963,118,84,152
74063,118,94,164
74164,118,88,168
74265,118,86,156
74366,116,80,153
74466,117,83,169
74566,118,87,147
74667,117,80,152
74768,117,86,162
74869,117,79,164
74970,118,83,154
75070,118,79,152
75170,118,90,165
75271,118,90,178
75372,119,82,154
75473,119,92,160
75574,118,88,155
75674,117,87,164
75775,118,86,149
75876,118,89,152
75977,118,74,163
76077,118,83,151
76178,118,81,147
76278,117,84,169
76379,119,87,160
76479,123,88,176
76580,124,81,168
76681,126,99,160
76782,128,88,176
76883,127,92,176
76984,134,106,172
77084,139,103,166
77185,142,116,167
77285,145,113,185
77385,147,118,200
77486,150,120,191
77586,148,119,196
77687,145,111,177
77788,142,103,191
77889,141,112,184
77989,139,104,175
78090,140,111,180
78191,142,109,187
78292,145,115,198
78393,147,111,202
78494,148,105,182
78594,148,119,188
78694,145,109,192
78794,145,115,192
78895,146,111,180
78995,148,113,196
79096,148,116,192
79196,148,115,176
79297,147,110,185
79397,148,106,196
79498,149,115,173
79598,148,111,200
79699,147,109,192
79799,148,106,198
79899,150,111,212
79999,150,114,199
80100,149,106,192
80201,148,113,183
80301,149,117,192
80402,149,115,197
80502,149,117,180
80603,148,118,199
80703,148,111,179
80804,149,116,185
80904,149,111,207
81004,149,115,201
81105,149,113,180
81206,148,117,202
81307,148,109,179
81408,147,111,176
81508,147,111,175
81609,147,108,202
81709,146,114,200
81810,146,101,192
81911,147,116,184
82012,148,112,180
82112,150,124,208
82213,150,118,191
82313,151,119,206
82413,151,115,199
82514,152,123,196
82615,151,120,208
82716,151,95,188
82817,151,114,206
82918,153,125,204
83019,155,127,186
83119,158,120,194
83219,160,128,218
83320,159,125,202
83420,160,132,215
83521,162,127,201
83622,165,132,216
83723,164,135,208
83824,163,132,193
83924,164,126,223
84024,164,135,213
84125,165,130,224
84226,163,127,221
84327,161,126,186
84428,162,130,198
84529,161,126,204
84630,165,123,192
84730,166,134,194
84831,168,133,212
84932,166,132,200
85033,166,136,220
85133,166,119,212
85234,167,126,216
85335,166,128,194
85436,168,122,204
85536,166,127,201
85637,168,138,218
85738,170,136,224
85839,170,135,208
85940,172,140,208
86041,174,147,216
86142,175,144,205
86243,175,142,207
86344,174,144,231
86445,175,140,223
86545,175,143,207
86646,176,148,219
86747,175,147,233
86848,176,143,208
86948,177,147,200
87049,175,142,231
87150,174,144,216
87251,173,140,207
87352,173,137,206
87452,174,139,232
87553,175,131,219
87654,176,145,209
87755,176,138,216
87856,172,139,227
87957,170,144,201
88057,170,129,218
88158,170,136,198
88258,172,147,203
88359,177,147,206
88459,182,151,243
88559,187,154,217
88660,187,156,216
88761,189,148,236
88862,196,163,237
88963,197,154,258
89064,199,159,237
89165,201,176,255
89265,205,172,239
89366,211,171,261
89466,212,177,253
89567,215,182,255
89667,220,187,273
89768,223,187,260
89869,230,204,269
89970,237,198,269
90070,241,197,301
90171,246,214,282
90272,247,215,287
90373,246,216,273
90473,250,209,304
90574,252,222,290
90675,252,219,289
90776,254,227,310
90876,255,221,296
90977,258,207,291
91077,258,223,308
91177,258,229,311
91278,258,223,315
91379,258,222,289
91480,261,229,312
91580,261,231,296
91681,258,225,311
91782,264,231,296
91883,262,225,303
91984,260,233,302
92084,261,232,307
92185,261,230,306
92286,261,228,294
92387,262,234,303
92487,264,231,295
92587,265,234,301
92688,264,221,307
92789,266,228,325
92890,262,220,323
92990,262,226,292
93091,262,215,303
93192,263,224,316
93293,264,225,301
93393,265,230,306
93494,265,234,298
93594,266,236,311
93695,267,234,311
93796,266,236,313
93897,264,234,300
93998,263,234,311
94099,264,227,329
94200,266,234,320
94300,265,226,318
94401,264,237,291
94501,263,236,300
94602,264,231,318
94703,265,243,321
94804,266,231,297
94904,267,226,303
95005,267,214,299
95105,267,231,305
95206,267,231,300
95307,268,232,304
95408,268,235,294
95508,268,229,308
95608,268,231,327
95708,270,243,306
95809,268,230,306
95910,269,233,325
96011,268,239,298
96112,269,234,310
96213,272,239,312
96314,273,242,323
96415,279,249,328
96516,286,244,332
96617,287,252,353
96717,289,261,321
96818,295,257,345
96918,298,262,354
97019,300,275,337
97119,303,273,344
97219,297,265,350
97320,296,260,356
97420,286,234,323
97521,198,73,316
97621,47,0,143
97722,3,0,50
97822,1,0,34
97923,1,0,44
98024,1,0,42
98125,1,0,47
98226,1,0,48
98327,1,0,40
98428,1,0,43
98528,1,0,44
98629,1,0,39
98730,1,0,44
98831,1,0,47
98932,1,0,40
99033,1,0,36
99133,1,0,35
99234,1,0,41
99334,1,0,40
99435,1,0,33
99535,1,0,47
99636,1,0,36
99737,1,0,37
99837,1,0,40
99938,1,0,38
100039,1,0,37
100140,1,0,39
100241,1,0,40
100341,1,0,38
100442,1,0,36
100543,1,0,44
100644,1,0,41
100744,1,0,41
100845,1,0,48
100945,1,0,36
101046,1,0,46
101147,1,0,39
101248,1,0,39
101348,1,0,48
101449,1,0,44
101550,1,0,40
101651,1,0,46
101752,1,0,44
101853,1,0,51
101953,1,0,45
102054,1,0,50
102154,1,0,42
102255,1,0,44
102355,1,0,47
102456,1,0,44
102556,1,0,48
102657,1,0,48
102758,1,0,33
102858,1,0,37
102959,1,0,28
103060,1,0,35
103160,1,0,44
103261,1,0,40
103362,1,0,33
103463,1,0,39
103564,1,0,33
103665,1,0,44
103766,1,0,37
103866,0,0,33
103966,1,0,25
104067,1,0,50
104167,1,0,45
104267,1,0,36
104368,1,0,43
104469,0,0,34
104570,1,0,32
104670,0,0,45
104770,0,0,34
104870,0,0,30
104971,0,0,46
105071,0,0,43
105171,0,0,35
105272,0,0,44
105373,0,0,38
105473,0,0,30
105574,0,0,48
105674,0,0,31
105775,0,0,40
105876,0,0,47
105977,0,0,47
106077,0,0,39
106177,1,0,50
106278,1,0,50
106378,1,0,36
106478,1,0,37
106579,1,0,41
106680,1,0,32
106780,1,0,48
106880,1,0,48
106980,1,0,52
107080,1,0,54
107180,1,0,26
107280,1,0,46
107380,1,0,55
107480,1,0,45
107580,1,0,44
107680,1,0,51
107780,1,0,40
107880,1,0,60
107980,1,0,45
108080,1,0,39
108180,1,0,46
108281,1,0,45
108382,1,0,35
108482,1,0,50


Test 2:
172575,0,0,20
172675,0,0,20
172775,0,0,22
172876,0,0,23
172976,0,0,16
173076,0,0,22
173176,0,0,13
173277,0,0,23
173377,0,0,18
173478,0,0,17
173578,0,0,15
173679,0,0,22
173779,0,0,27
173880,0,0,24
173981,0,0,10
174081,0,0,24
174182,0,0,19
174282,0,0,12
174383,0,0,12
174484,0,0,12
174585,0,0,17
174686,0,0,16
174786,0,0,13
174887,0,0,11
174988,0,0,12
175089,0,0,16
175189,0,0,9
175290,0,0,13
175390,0,0,19
175491,1,0,29
175592,1,0,12
175693,1,0,27
175793,1,0,32
175893,0,0,12
175994,0,0,25
176095,0,0,12
176196,0,0,16
176297,0,0,16
176397,2,0,179
176498,1,0,21
176599,1,0,14
176699,1,0,12
176800,1,0,13
176901,1,0,19
177002,1,0,16
177103,1,0,24
177203,1,0,28
177304,1,0,18
177405,1,0,16
177506,1,0,14
177606,1,0,14
177707,1,0,15
177807,1,0,26
177908,1,0,17
178008,1,0,26
178109,1,0,27
178209,1,0,21
178310,1,0,16
178411,1,0,22
178512,1,0,21
178613,1,0,17
178714,1,0,17
178814,1,0,17
178915,3,0,28
179016,5,0,44
179117,6,0,46
179217,7,0,44
179318,7,0,48
179419,8,0,41
179520,10,0,47
179621,13,0,58
179722,15,0,55
179822,16,0,65
179923,18,0,48
180023,20,0,62
180124,22,0,68
180224,22,0,56
180325,21,0,56
180425,22,0,64
180526,22,0,60
180627,25,0,56
180728,21,0,63
180828,30,0,80
180929,38,0,78
181029,40,4,91
181130,45,6,104
181231,50,18,90
181332,50,14,91
181432,47,8,80
181533,48,1,95
181633,48,18,97
181734,48,16,84
181835,46,12,85
181936,45,8,84
182037,44,0,77
182138,43,0,79
182238,43,2,99
182339,45,7,91
182439,46,0,82
182540,46,11,91
182640,46,13,91
182741,45,10,84
182842,45,12,81
182943,46,9,81
183043,45,14,86
183144,46,9,87
183244,45,3,77
183345,44,7,96
183446,43,0,90
183547,42,0,76
183647,41,5,76
183748,39,2,89
183849,36,0,78
183950,36,2,64
184050,35,0,74
184151,35,7,92
184252,35,0,72
184352,36,5,84
184453,36,0,79
184554,35,0,94
184655,36,0,80
184756,36,1,66
184856,35,4,83
184957,35,0,69
185057,37,0,72
185158,38,12,74
185259,38,0,74
185360,35,0,76
185460,36,4,76
185560,37,1,64
185661,36,3,69
185762,36,5,73
185863,36,3,71
185963,37,0,76
186063,35,0,76
186163,36,1,69
186264,36,0,82
186365,38,0,85
186466,37,6,76
186567,35,3,80
186668,35,0,92
186769,35,0,73
186870,35,0,72
186971,37,3,72
187071,39,8,72
187172,39,3,71
187273,39,1,86
187374,41,6,96
187474,42,6,84
187575,43,7,90
187676,42,8,86
187777,40,0,87
187877,41,0,79
187978,45,11,86
188079,50,16,85
188180,53,24,101
188281,56,13,95
188382,63,23,101
188483,67,36,110
188584,68,37,111
188685,70,37,118
188786,73,38,125
188887,72,39,109
188988,68,33,104
189088,65,25,94
189189,62,31,97
189290,61,29,110
189391,63,32,102
189493,61,26,96
189593,61,16,99
189694,61,29,100
189794,61,24,94
189895,62,27,98
189995,63,11,98
190097,64,35,108
190197,64,19,100
190298,65,27,109
190398,65,21,96
190499,66,29,112
190599,68,27,107
190700,68,30,98
190800,68,31,100
190901,67,31,104
191001,68,38,125
191101,69,34,113
191202,69,34,99
191303,70,34,110
191404,70,34,114
191505,71,38,104
191606,70,23,114
191707,69,35,118
191808,69,33,105
191909,69,25,116
192009,68,32,99
192110,68,35,108
192210,68,16,111
192310,68,33,115
192411,68,28,99
192512,69,32,101
192613,69,38,112
192714,69,38,98
192814,69,31,101
192915,69,23,111
193016,69,38,118
193117,70,38,114
193217,70,43,114
193317,71,39,118
193418,71,29,111
193518,71,38,108
193619,72,37,117
193720,72,34,106
193821,71,39,121
193922,69,39,119
194023,68,31,98
194124,70,30,111
194224,72,33,108
194324,74,38,106
194425,75,37,108
194525,77,37,116
194626,82,39,120
194727,85,50,118
194828,89,49,128
194929,92,34,133
195030,96,55,138
195131,101,55,152
195231,101,69,139
195332,102,63,150
195432,102,60,156
195533,102,69,145
195634,104,75,156
195735,101,68,139
195835,99,67,138
195936,99,60,132
196037,99,63,134
196138,99,59,143
196238,97,59,142
196339,95,47,140
196439,94,60,123
196540,98,65,137
196641,102,68,132
196742,104,69,152
196842,104,63,140
196943,107,70,146
197043,105,69,141
197143,103,59,146
197243,101,71,150
197343,102,63,133
197444,103,68,144
197544,105,70,155
197645,105,71,151
197745,104,63,145
197845,103,67,136
197946,98,63,144
198047,95,55,132
198147,96,67,143
198248,97,63,129
198349,98,58,129
198450,97,60,128
198551,98,67,140
198651,98,57,133
198751,98,64,152
198851,100,65,139
198952,98,63,131
199053,97,65,139
199153,100,64,150
199254,103,67,143
199354,100,68,132
199454,104,63,129
199555,106,57,142
199655,107,66,166
199755,105,66,144
199856,103,69,144
199956,101,53,144
200057,101,70,137
200158,102,68,152
200258,103,60,144
200358,103,59,147
200459,104,67,155
200559,105,64,142
200660,108,73,136
200760,106,69,153
200861,105,72,137
200961,108,72,139
201062,110,72,142
201162,110,71,158
201263,110,63,159
201363,110,69,154
201463,108,55,142
201564,113,70,150
201665,111,78,145
201766,109,64,139
201867,112,79,150
201967,116,85,148
202068,117,85,156
202168,120,92,172
202269,127,83,164
202370,125,85,183
202471,123,90,169
202572,124,83,167
202672,123,91,162
202772,122,87,154
202872,122,84,157
202973,123,83,158
203073,125,88,154
203174,125,75,160
203275,126,87,158
203376,128,85,179
203477,129,94,176
203578,132,98,168
203679,135,108,162
203780,136,96,183
203881,137,105,171
203981,140,107,181
204081,141,101,187
204182,139,105,168
204283,137,102,164
204384,128,93,172
204485,133,95,167
204585,134,86,178
204686,133,95,179
204787,134,94,173
204888,133,95,176
204988,131,95,174
205089,132,92,174
205189,135,103,168
205290,136,105,168
205390,136,96,181
205491,137,97,167
205592,138,99,170
205693,138,106,168
205794,139,100,192
205895,140,109,173
205996,140,107,171
206097,140,100,195
206197,141,112,171
206298,140,108,195
206398,140,99,172
206499,142,109,194
206599,142,83,175
206699,142,112,183
206800,145,106,201
206901,152,119,188
207002,156,123,191
207103,158,123,214
207204,162,126,200
207304,166,129,208
207405,168,134,201
207506,166,135,223
207606,164,127,205
207707,164,126,205
207808,166,133,213
207909,168,133,209
208009,169,137,199
208110,169,141,208
208210,172,130,225
208311,174,145,211
208412,172,131,200
208513,171,132,201
208614,169,136,206
208714,170,123,215
208814,168,135,220
208915,168,134,206
209016,169,136,194
209117,168,128,197
209217,168,140,213
209317,170,134,207
209418,170,137,210
209518,168,132,208
209619,171,136,207
209720,171,141,214
209821,173,132,210
209922,174,136,211
210023,174,118,206
210124,175,142,209
210225,176,132,220
210326,177,139,212
210426,175,134,214
210527,173,134,204
210627,174,140,207
210728,173,145,226
210829,172,139,203
210929,173,133,228
211030,174,125,204
211131,173,127,210
211231,172,134,217
211332,171,130,200
211432,169,125,227
211533,167,126,204
211634,168,130,228
211735,168,132,206
211836,168,135,224
211937,170,130,225
212038,172,133,208
212139,173,140,226
212240,173,129,201
212341,174,144,220
212442,176,145,220
212543,175,135,216
212644,173,140,223
212745,172,135,215
212846,172,134,208
212946,172,129,199
213047,176,118,205
213147,182,131,213
213248,186,137,227
213349,195,163,238
213450,200,160,251
213551,205,167,238
213652,218,173,253
213753,229,191,274
213854,232,199,268
213954,237,190,272
214055,241,203,279
214156,248,214,287
214257,256,214,305
214357,253,216,295
214458,257,219,314
214558,263,230,302
214659,261,231,307
214760,255,210,288
214861,251,211,279
214962,250,204,291
215063,250,207,300
215163,252,211,296
215264,252,221,304
215365,249,201,282
215466,250,215,279
215567,246,199,274
215668,246,203,288
215769,246,196,280
215870,241,194,271
215971,241,209,274
216071,239,200,280
216171,238,195,289
216272,237,194,270
216372,235,194,271
216473,232,198,283
216574,234,203,268
216675,231,195,259
216776,233,196,275
216876,234,198,277
216977,232,199,278
217078,232,178,284
217178,235,198,279
217279,235,194,277
217380,238,190,277
217481,236,191,272
217582,233,199,276
217682,235,195,262
217783,236,206,273
217884,240,192,271
217985,240,192,274
218085,233,204,268
218185,234,205,273
218286,231,188,287
218387,229,194,293
218488,231,199,272
218589,228,191,264
218690,231,187,291
218790,231,199,269
218891,232,196,274
218992,231,195,282
219093,229,193,262
219194,234,193,288
219294,232,203,290
219395,231,197,277
219495,232,187,276
219595,232,192,282
219695,234,200,267
219796,236,208,287
219897,237,200,268
219998,234,187,267
220099,232,182,264
220200,211,164,264
220300,118,8,205
220401,6,0,56
220502,1,0,13
220603,1,0,14
220703,1,0,13
220804,1,0,20
220905,1,0,10
221006,1,0,21
221106,1,0,14
221206,1,0,18
221307,0,0,19
221408,1,0,12
221509,1,0,18
221609,1,0,13
221710,0,0,10
221811,1,0,12
221911,0,0,20
222012,1,0,32
222113,1,0,12
222213,1,0,14
222314,1,0,14
222414,1,0,15
222515,1,0,15
222615,1,0,16
222715,1,0,12
222815,1,0,12
222915,1,0,12
223015,0,0,12
223115,0,0,15
223215,1,0,14
223315,1,0,12
223416,1,0,14
223516,1,0,14
223616,0,0,14
223716,1,0,12
223816,1,0,16
223917,0,0,20
224017,0,0,18
224118,0,0,19
224218,0,0,14
224318,1,0,12
224418,1,0,13
224518,0,0,18
224618,0,0,12
224718,1,0,12
224819,0,0,12
224919,0,0,11
225019,0,0,13
225119,0,0,12
225220,0,0,14
225320,1,0,12
225420,0,0,14
225520,0,0,12
225620,1,0,28
225720,1,0,23
225821,1,0,27
225921,1,0,12
226021,1,0,16
226121,0,0,20
226221,1,0,14
226321,1,0,23
226421,1,0,15
226522,0,0,14
226623,1,0,13
226724,1,0,23
226824,1,0,16
226925,1,0,25


Test 3: 
261596,1,0,12
261697,1,0,32
261797,1,0,23
261897,0,0,20
261997,0,0,14
262097,0,0,18
262198,0,0,28
262299,0,0,21
262399,0,0,15
262500,0,0,14
262600,0,0,21
262701,1,0,24
262801,0,0,15
262902,1,0,30
263002,0,0,22
263103,0,0,31
263204,1,0,28
263305,1,0,19
263405,1,0,12
263506,1,0,24
263606,1,0,12
263707,1,0,28
263808,1,0,21
263909,1,0,21
264009,1,0,15
264110,1,0,21
264211,1,0,39
264312,1,0,16
264412,1,0,20
264513,1,0,17
264613,1,0,33
264714,1,0,24
264814,1,0,12
264915,1,0,15
265016,1,0,12
265117,1,0,16
265217,1,0,26
265318,1,0,27
265419,1,0,16
265520,1,0,19
265621,1,0,25
265722,1,0,32
265822,1,0,18
265923,1,0,26
266023,1,0,25
266124,1,0,17
266225,1,0,20
266326,1,0,18
266426,1,0,24
266527,1,0,17
266628,1,0,18
266729,1,0,19
266829,1,0,16
266930,1,0,20
267030,1,0,19
267131,1,0,21
267231,1,0,20
267331,1,0,20
267431,1,0,20
267531,1,0,16
267631,1,0,19
267731,1,0,18
267832,1,0,23
267932,1,0,21
268032,1,0,20
268133,1,0,25
268234,1,0,20
268334,1,0,19
268434,1,0,17
268534,2,0,20
268634,2,0,23
268734,2,0,24
268834,2,0,29
268934,1,0,34
269034,2,0,26
269134,2,0,19
269234,1,0,20
269335,1,0,22
269436,1,0,17
269537,1,0,16
269637,1,0,23
269738,1,0,17
269839,1,0,16
269940,1,0,16
270040,1,0,17
270141,1,0,20
270242,1,0,25
270343,1,0,16
270444,1,0,13
270544,1,0,21
270644,1,0,23
270745,1,0,25
270846,1,0,14
270946,1,0,23
271047,1,0,29
271148,1,0,16
271249,1,0,27
271350,1,0,23
271451,1,0,31
271551,1,0,17
271651,2,0,22
271752,1,0,24
271852,2,0,27
271953,3,0,34
272054,8,0,44
272155,12,0,44
272256,19,0,54
272357,22,0,79
272458,23,0,57
272558,27,0,65
272659,27,0,58
272759,25,0,72
272860,26,0,59
272960,26,0,66
273061,26,0,63
273162,27,0,59
273263,29,0,64
273363,31,0,70
273464,31,0,63
273564,31,0,63
273664,34,1,94
273765,33,3,73
273866,34,0,75
273967,34,0,76
274068,33,0,70
274169,32,0,69
274269,32,0,69
274370,32,3,71
274471,31,0,76
274572,29,0,64
274672,27,0,62
274773,27,0,70
274874,27,0,64
274975,26,0,70
275075,25,0,68
275176,24,0,65
275277,24,0,64
275377,26,0,61
275478,27,0,74
275579,26,0,75
275680,26,0,72
275780,27,0,73
275881,26,0,57
275981,30,0,62
276082,30,0,82
276183,31,0,68
276284,32,0,61
276385,32,0,68
276485,31,0,69
276585,30,0,73
276685,31,0,76
276786,32,0,74
276887,32,0,69
276988,33,1,78
277088,34,0,82
277189,34,2,80
277290,32,0,65
277391,33,0,71
277491,34,0,66
277592,33,0,70
277692,31,0,65
277793,33,0,73
277894,33,0,63
277995,34,0,73
278096,33,0,64
278197,34,0,72
278297,34,0,72
278398,33,0,70
278498,32,0,72
278599,32,0,71
278699,32,0,74
278800,32,0,71
278901,35,0,68
279002,35,0,71
279103,35,0,70
279204,34,3,70
279305,32,0,69
279405,31,0,88
279506,32,0,72
279607,32,0,88
279707,34,0,69
279808,38,0,84
279909,48,10,82
280009,55,22,104
280109,56,17,88
280210,57,19,104
280311,56,22,102
280412,61,28,99
280513,61,30,96
280613,60,20,94
280713,62,24,92
280813,63,25,104
280913,62,16,96
281014,61,27,92
281114,61,18,101
281215,63,32,104
281315,65,26,102
281415,64,31,115
281516,66,33,105
281617,67,24,104
281717,68,27,107
281818,70,23,111
281919,72,34,103
282020,73,35,116
282120,75,39,108
282221,74,37,119
282321,73,26,112
282422,73,42,102
282523,74,36,114
282624,73,29,104
282724,74,39,106
282825,74,33,112
282926,75,43,108
283027,74,39,116
283128,74,35,110
283229,73,37,114
283329,72,31,120
283430,72,27,108
283531,72,27,106
283632,73,36,106
283733,73,39,108
283834,73,35,140
283934,72,38,108
284035,71,34,108
284135,71,36,112
284236,70,37,112
284336,69,32,108
284436,69,34,115
284537,70,35,119
284638,71,35,116
284739,72,33,111
284840,70,37,110
284940,70,28,115
285041,70,38,122
285141,70,43,104
285242,72,41,109
285343,72,41,127
285444,72,36,120
285544,73,42,112
285645,73,35,116
285745,73,41,112
285845,74,38,115
285946,72,38,110
286047,73,40,120
286148,75,39,117
286249,74,44,111
286350,76,37,117
286451,76,44,125
286551,74,36,124
286652,75,38,117
286753,75,40,130
286854,75,42,117
286954,73,38,115
287054,73,39,108
287155,75,43,112
287256,77,43,116
287357,84,54,118
287458,87,55,124
287558,90,50,140
287659,93,60,143
287760,96,69,136
287861,99,56,133
287961,103,55,134
288062,103,69,148
288162,103,69,142
288263,101,54,139
288363,101,72,135
288464,98,66,136
288565,99,63,143
288665,99,66,132
288766,98,49,132
288867,99,67,129
288968,100,65,132
289068,102,68,138
289169,103,64,153
289270,102,63,135
289371,100,71,145
289472,99,64,130
289572,99,69,143
289673,100,70,140
289773,101,68,155
289874,101,71,139
289975,105,69,133
290076,104,71,152
290176,103,59,142
290277,101,64,147
290377,100,65,146
290478,102,69,138
290578,103,74,138
290679,104,59,138
290780,104,57,140
290881,106,79,137
290982,105,65,147
291083,104,72,148
291184,104,67,144
291285,102,71,148
291386,102,68,141
291486,102,69,142
291587,102,64,142
291688,102,71,143
291788,100,54,142
291888,100,71,128
291988,101,53,144
292089,100,68,128
292190,101,71,142
292291,101,62,138
292391,102,63,136
292492,102,51,134
292592,103,72,139
292693,103,66,142
292794,103,74,145
292895,104,67,143
292995,103,70,145
293095,102,69,135
293196,102,70,139
293297,103,64,140
293398,100,67,151
293499,101,66,146
293599,103,61,136
293700,104,72,139
293800,102,69,135
293901,100,62,129
294002,99,63,146
294103,101,67,144
294204,102,57,144
294305,100,66,144
294405,103,65,137
294506,106,72,163
294607,108,75,180
294708,111,80,143
294808,111,78,164
294909,107,66,146
295009,113,80,151
295110,118,84,169
295211,113,79,146
295312,124,88,156
295412,134,96,182
295513,141,97,170
295613,141,106,190
295714,133,101,167
295815,132,101,163
295916,135,95,179
296016,130,98,164
296117,130,98,176
296218,132,97,169
296319,134,100,177
296419,135,96,176
296519,133,98,166
296620,131,99,164
296720,128,97,164
296821,128,101,165
296922,129,80,164
297023,129,84,160
297124,129,100,182
297225,128,86,162
297326,127,99,162
297426,128,95,161
297527,129,87,162
297627,126,91,160
297728,127,91,189
297828,128,95,171
297929,127,97,168
298030,128,87,173
298131,128,95,160
298232,128,94,175
298333,126,99,177
298434,128,89,159
298535,126,87,163
298635,127,96,165
298736,130,93,168
298837,128,91,176
298938,129,97,158
299038,129,97,159
299139,132,96,176
299239,128,77,161
299340,131,102,168
299440,128,95,169
299540,125,96,156
299641,127,88,172
299742,129,98,165
299843,131,95,167
299944,130,92,170
300045,131,102,173
300146,127,93,170
300246,124,88,161
300347,127,94,162
300447,123,92,150
300548,120,89,156
300648,122,88,168
300749,124,86,162
300850,126,91,156
300950,128,94,161
301050,130,96,165
301150,132,96,178
301251,136,103,167
301352,137,102,176
301453,139,102,171
301554,140,99,177
301655,142,107,176
301756,144,93,183
301856,148,108,187
301957,157,121,205
302058,159,124,206
302159,160,114,196
302259,167,137,201
302360,169,132,203
302461,169,135,215
302562,167,135,200
302662,171,139,210
302763,166,131,200
302864,165,133,207
302965,166,142,194
303065,166,132,200
303166,166,134,209
303267,165,129,202
303368,165,129,199
303469,164,128,199
303569,166,125,196
303670,167,132,208
303771,167,138,213
303871,169,133,207
303972,167,135,196
304072,168,133,202
304173,168,133,204
304274,167,139,203
304375,164,131,208
304475,164,126,210
304576,163,123,192
304676,165,132,195
304776,165,127,207
304877,166,131,211
304978,166,124,201
305079,163,130,211
305179,163,134,198
305280,161,131,194
305381,163,133,207
305481,164,127,203
305582,165,134,204
305683,165,135,196
305784,163,135,199
305885,163,133,205
305986,164,129,200
306086,164,135,203
306187,164,121,218
306288,166,135,205
306389,167,130,206
306490,164,135,198
306590,160,122,205
306690,162,125,208
306790,165,117,204
306891,166,134,212
306991,177,143,223
307092,170,137,218
307193,176,139,210
307294,190,154,240
307395,199,163,239
307496,209,175,258
307597,210,177,245
307698,212,176,244
307799,218,183,250
307900,218,183,249
308001,221,193,264
308102,222,194,256
308203,223,180,262
308304,224,194,251
308405,226,192,278
308506,226,195,269
308607,227,197,261
308708,224,186,270
308808,221,190,268
308908,218,184,251
309009,220,181,248
309110,224,186,281
309211,224,187,259
309311,225,190,262
309412,226,189,265
309512,228,189,261
309613,229,195,273
309714,229,189,273
309815,228,198,256
309916,229,188,273
310017,231,197,272
310118,231,200,276
310219,232,195,268
310320,232,197,271
310421,232,201,273
310522,230,193,259
310623,225,192,264
310724,224,191,262
310825,225,191,265
310926,226,187,272
311026,227,191,259
311127,229,193,264
311228,227,195,270
311329,223,190,260
311430,224,189,263
311531,222,188,260
311632,222,183,258
311732,222,181,251
311833,225,190,265
311933,223,188,256
312034,223,189,265
312135,222,185,268
312235,219,178,258
312336,221,191,276
312436,222,189,264
312537,223,188,270
312637,223,186,265
312737,222,193,251
312837,221,188,275
312937,221,183,255
313038,218,185,254
313138,220,175,259
313239,220,194,254
313340,219,172,259
313440,219,180,254
313541,219,187,248
313641,219,178,255
313741,220,173,254
313842,221,189,248
313943,217,177,265
314044,171,87,238
314145,58,5,128
314246,20,0,56
314347,5,0,49
314447,2,0,59
314548,1,0,24
314648,1,0,20
314748,1,0,19
314848,1,0,16
314948,1,0,15
315049,1,0,26
315150,1,0,16
315251,1,0,28
315351,1,0,19
315451,1,0,18
315552,1,0,24
315652,1,0,26
315752,1,0,27
315853,1,0,27
315953,1,0,29
316054,1,0,16
316155,1,0,18
316256,1,0,22
316356,1,0,16
316457,1,0,17
316558,1,0,18
316659,1,0,33
316760,1,0,19
316861,1,0,20
316961,1,0,12
317062,1,0,17
317162,1,0,15
317263,1,0,24
317364,1,0,14
317465,0,0,15
317565,0,0,13
317666,0,0,19
317767,0,0,17
317868,0,0,11
317968,0,0,16
318069,0,0,18
318169,0,0,24
318269,1,0,22
318369,0,0,22
318469,0,0,14
318569,0,0,12
318670,0,0,16
318770,0,0,11
318870,0,0,18
318970,0,0,15
319071,0,0,21
319171,0,0,12
319271,0,0,10
319372,0,0,18
319472,0,0,11
319572,0,0,15
319672,0,0,24
319773,0,0,15
319874,0,0,12
319974,0,0,12
320074,0,0,12
320174,1,0,18
320275,0,0,13
320375,0,0,20
320475,0,0,21
320575,0,0,20
320676,1,0,18
320776,1,0,19
320876,1,0,19
320976,1,0,33
321076,1,0,18
321176,1,0,13
321277,1,0,17
321377,1,0,16
321477,0,0,11
321577,0,0,18
321677,0,0,26
321777,1,0,19
321877,1,0,18
321977,1,0,23
322077,1,0,12

Test 4:
340337,1,0,24
340438,1,0,14
340538,1,0,15
340638,1,0,19
340739,1,0,24
340840,1,0,20
340940,1,0,18
341040,1,0,22
341141,1,0,25
341242,1,0,24
341343,1,0,24
341443,1,0,16
341544,1,0,11
341645,0,0,17
341746,1,0,12
341847,1,0,11
341948,0,0,14
342049,0,0,10
342149,0,0,12
342250,0,0,8
342350,0,0,10
342451,0,0,12
342551,0,0,14
342652,0,0,12
342753,1,0,13
342853,1,0,16
342954,1,0,13
343055,1,0,16
343156,1,0,12
343257,1,0,16
343357,1,0,14
343457,1,0,16
343558,1,0,17
343659,1,0,14
343760,1,0,14
343861,1,0,14
343962,1,0,16
344063,1,0,16
344163,1,0,16
344264,1,0,15
344364,1,0,19
344465,1,0,24
344565,1,0,15
344665,1,0,21
344766,1,0,18
344866,1,0,24
344967,1,0,16
345067,1,0,17
345168,1,0,18
345269,1,0,14
345370,1,0,16
345471,1,0,14
345572,1,0,17
345672,1,0,16
345773,1,0,14
345874,1,0,19
345975,1,0,21
346075,1,0,12
346176,1,0,12
346277,1,0,18
346378,1,0,21
346478,2,0,29
346579,4,0,32
346680,6,0,32
346781,7,0,36
346882,8,0,36
346982,8,0,38
347083,10,0,47
347184,10,0,39
347284,9,0,41
347385,10,0,41
347486,13,0,58
347586,18,0,54
347687,21,0,64
347788,20,0,55
347889,18,0,54
347989,18,0,55
348090,19,0,59
348190,17,0,49
348290,14,0,57
348390,14,0,59
348490,12,0,50
348590,10,0,48
348690,13,0,54
348790,15,0,60
348891,18,0,54
348992,22,0,53
349093,24,0,60
349194,27,0,60
349295,33,3,72
349396,40,5,79
349496,43,8,75
349596,44,13,77
349697,47,1,86
349797,47,7,80
349898,44,3,78
349999,42,4,83
350100,39,9,92
350200,40,5,88
350301,41,9,80
350402,42,0,80
350503,42,5,76
350604,43,2,76
350704,43,7,78
350805,42,8,81
350906,41,0,81
351006,40,5,76
351107,40,1,83
351208,38,0,83
351308,37,0,73
351409,38,1,82
351510,40,6,77
351611,40,0,78
351711,40,3,79
351812,41,6,76
351913,40,0,73
352013,40,0,77
352114,41,1,78
352215,42,6,75
352315,43,12,80
352416,43,7,69
352517,43,2,84
352618,42,3,82
352718,42,6,71
352819,42,0,80
352920,42,0,74
353021,42,5,78
353121,41,5,74
353222,41,7,75
353322,41,5,74
353423,40,3,73
353524,39,7,82
353625,33,0,79
353725,32,0,75
353826,33,0,74
353927,34,0,75
354028,33,0,73
354129,32,0,64
354230,33,0,72
354330,35,0,68
354431,36,3,72
354531,37,2,84
354631,37,0,76
354732,38,0,84
354832,38,0,76
354932,38,5,77
355032,38,0,68
355133,38,0,69
355233,38,4,71
355334,38,3,72
355434,37,4,68
355535,37,7,72
355635,38,6,80
355736,39,5,72
355836,39,6,69
355936,40,7,84
356037,48,7,93
356138,56,19,91
356239,61,17,96
356340,62,34,102
356440,64,37,103
356541,65,27,102
356642,65,31,100
356743,65,31,101
356843,65,27,108
356944,62,24,99
357044,63,23,100
357145,63,20,103
357246,64,32,96
357346,65,20,102
357447,67,34,101
357548,68,31,108
357649,67,39,97
357750,67,34,103
357850,69,32,102
357950,69,26,103
358051,68,34,111
358152,70,33,103
358253,70,33,99
358353,70,35,105
358454,71,35,105
358555,71,43,108
358656,70,38,114
358757,67,26,97
358858,67,28,103
358959,67,25,111
359059,66,23,94
359160,65,24,98
359260,64,19,104
359361,63,24,102
359461,65,31,96
359562,68,35,96
359663,67,32,98
359764,66,28,101
359865,67,31,98
359965,69,31,100
360066,69,27,102
360167,69,36,109
360268,67,16,103
360369,66,30,100
360469,66,36,96
360570,65,23,100
360670,66,35,108
360771,66,29,94
360871,67,17,102
360972,68,31,104
361073,69,36,103
361174,70,39,107
361274,69,26,99
361375,67,32,102
361476,69,39,112
361577,68,30,102
361677,69,36,103
361778,70,30,102
361878,71,27,112
361979,71,30,106
362080,71,28,104
362181,70,37,104
362282,70,32,112
362383,71,41,106
362483,72,33,103
362584,74,34,104
362684,75,37,112
362785,76,45,112
362886,80,30,108
362987,81,44,119
363087,87,48,120
363188,90,45,130
363288,91,59,125
363389,96,53,140
363490,97,67,134
363591,97,64,130
363691,95,63,127
363792,93,57,129
363892,93,60,120
363992,96,65,132
364092,95,59,136
364192,94,55,131
364293,94,66,135
364394,93,58,133
364495,94,61,129
364596,97,61,132
364697,97,63,124
364798,99,68,136
364899,101,59,128
364999,99,66,133
365099,97,70,129
365200,98,63,132
365301,99,63,135
365402,100,71,129
365503,99,48,129
365604,100,56,132
365704,100,63,129
365805,98,68,136
365906,99,61,136
366007,100,65,141
366108,99,70,128
366209,100,70,132
366309,101,63,131
366409,101,60,136
366510,100,66,137
366611,100,72,145
366711,98,67,136
366812,99,69,130
366912,98,63,132
367012,98,56,137
367113,96,63,127
367214,97,60,126
367315,97,62,140
367416,94,61,124
367517,94,43,130
367618,95,54,125
367719,97,62,132
367820,97,64,137
367920,98,63,129
368021,99,69,133
368122,100,70,134
368223,101,71,129
368323,101,67,131
368424,105,69,135
368525,109,75,144
368626,114,80,156
368726,123,91,153
368827,126,87,160
368928,132,106,165
369029,136,109,180
369129,136,97,172
369230,138,94,172
369330,135,97,172
369431,137,98,168
369532,138,102,173
369633,137,99,173
369733,137,102,164
369834,139,103,174
369934,137,101,171
370034,139,97,170
370134,137,104,169
370234,141,102,177
370335,137,106,166
370436,132,101,166
370537,131,99,167
370638,130,99,160
370739,128,91,163
370840,129,99,164
370941,130,87,168
371042,130,100,162
371142,130,92,162
371242,131,85,163
371343,128,97,167
371444,130,93,159
371545,130,97,167
371645,133,98,174
371746,131,99,159
371847,133,99,161
371948,131,96,177
372049,132,99,176
372150,131,97,169
372251,133,99,169
372351,132,100,165
372452,130,91,176
372552,129,95,159
372653,131,97,172
372753,132,95,168
372853,133,98,172
372954,132,100,167
373055,132,91,169
373156,133,89,172
373257,134,103,174
373357,131,103,165
373458,130,99,164
373559,133,103,172
373660,138,103,169
373761,138,98,166
373862,136,102,167
373962,138,106,180
374063,145,119,170
374164,148,115,189
374265,149,117,189
374365,152,124,192
374466,153,126,187
374566,153,118,200
374667,156,125,193
374768,157,123,194
374869,158,127,196
374969,160,125,188
375070,160,128,190
375170,159,130,189
375271,158,127,191
375371,158,124,187
375472,159,128,197
375572,159,127,183
375673,160,131,195
375774,159,128,200
375875,156,116,186
375975,154,119,181
376076,159,125,189
376177,160,128,188
376278,158,126,194
376378,156,122,192
376478,158,126,192
376579,156,127,185
376680,156,121,185
376781,157,122,184
376882,155,126,193
376982,155,116,186
377083,153,119,193
377184,154,121,193
377285,155,127,185
377386,155,124,202
377487,157,121,192
377587,158,132,196
377687,158,119,189
377788,160,118,192
377889,162,131,195
377989,159,123,189
378090,157,119,192
378191,162,121,195
378291,161,129,187
378392,163,131,197
378493,171,135,205
378593,180,147,222
378694,186,159,217
378795,185,153,223
378896,187,156,226
378997,188,155,225
379098,190,163,217
379198,195,162,223
379299,199,164,233
379399,207,176,239
379500,211,180,246
379600,216,183,252
379701,216,176,258
379802,210,180,249
379903,206,169,241
380004,209,180,247
380105,206,175,250
380205,206,171,236
380306,205,171,237
380406,207,177,239
380507,208,169,245
380607,210,178,240
380707,214,180,247
380808,215,181,249
380908,219,177,276
381009,218,187,248
381110,221,187,260
381211,221,188,260
381312,220,169,263
381412,217,187,248
381513,218,188,253
381614,217,183,248
381714,217,188,247
381815,217,186,245
381915,216,177,255
382015,216,181,256
382115,215,185,248
382216,213,182,244
382316,215,182,245
382417,216,183,248
382517,217,182,262
382617,218,189,243
382718,216,180,248
382819,209,179,247
382920,210,177,244
383021,209,184,236
383121,207,179,249
383222,209,174,239
383323,207,175,232
383424,208,173,239
383524,215,181,252
383624,217,182,243
383725,217,175,243
383826,220,179,255
383926,219,189,247
384026,218,189,260
384127,219,190,248
384228,217,186,247
384329,218,183,253
384429,215,176,252
384529,216,183,244
384629,217,175,254
384729,218,183,251
384829,220,186,262
384929,218,188,274
385030,217,183,245
385131,219,191,255
385232,220,183,257
385333,221,192,253
385433,218,187,252
385533,217,179,256
385634,210,177,241
385734,199,159,249
385835,106,7,197
385936,11,0,63
386037,1,0,39
386138,1,0,12
386239,0,0,11
386340,0,0,12
386441,0,0,12
386541,0,0,18
386642,0,0,15
386743,1,0,12
386843,0,0,14
386944,1,0,12
387044,0,0,18
387145,0,0,12
387246,0,0,12
387346,0,0,12
387447,0,0,12
387547,0,0,9
387648,0,0,26
387748,0,0,12
387848,0,0,21
387948,0,0,16
388048,0,0,24
388148,0,0,12
388248,0,0,16
388349,1,0,12
388449,1,0,18
388549,1,0,20
388649,1,0,28
388749,1,0,24
388850,1,0,22
388950,0,0,25
389051,1,0,30
389151,0,0,29
389251,0,0,19
389351,0,0,13
389451,1,0,10
389551,1,0,12
389651,1,0,22
389752,1,0,16

